[1,1,0,0,0,1,0,1,1,0,0,1,1,1,0,1,0,0,1,1]

[1,1,0,0,0,1,0,1,1,0]   [0,1,1,1,0,1,0,0,1,1]

[1,1]   [0,0]   [0,1]   [0,1]   [1,0]   [0,1]   [1,1]   [0,1]   [0,0]   [1,1]

# ========== ========== ========== ========== ========== ========== ========== ==========

2^n = 1, 2, 4, 8, 16, 32, 64, 128, 256, ...

[0] [0,0]   [0,0,0] [0,0,0,0]   [0,0,0,0,0]
    [0,1]   [0,0,1] [0,0,0,1]   [0,0,0,0,1]
            [0,1,0] [0,0,1,0]   [0,0,0,1,0]
            [0,1,1] [0,0,1,1]   [0,0,0,1,1]
                    [0,1,0,0]   [0,0,1,0,0]
                    [0,1,0,1]   [0,0,1,0,1]
                    [0,1,1,0]   [0,0,1,1,0]
                    [0,1,1,1]   [0,0,1,1,1]
                                [0,1,0,0,0]
                                [0,1,0,0,1]
                                [0,1,0,1,0]
                                [0,1,0,1,1]
                                [0,1,1,0,0]
                                [0,1,1,0,1]
                                [0,1,1,1,0]
                                [0,1,1,1,1]

[1] [1,0]   [1,0,0] [1,0,0,0]   [1,0,0,0,0]
    [1,1]   [1,0,1] [1,0,0,1]   [1,0,0,0,1]
            [1,1,0] [1,0,1,0]   [1,0,0,1,0]
            [1,1,1] [1,0,1,1]   [1,0,0,1,1]
                    [1,1,0,0]   [1,0,1,0,0]
                    [1,1,0,1]   [1,0,1,0,1]
                    [1,1,1,0]   [1,0,1,1,0]
                    [1,1,1,1]   [1,0,1,1,1]
                                [1,1,0,0,0]
                                [1,1,0,0,1]
                                [1,1,0,1,0]
                                [1,1,0,1,1]
                                [1,1,1,0,0]
                                [1,1,1,0,1]
                                [1,1,1,1,0]
                                [1,1,1,1,1]